# data from nightts-monthly.rda" (Wirtschaftsuni Wien)
# .\Literatur\Wirtschaftsuni Wien\nightts-monthly.rda"
11949735 13784291  9973251  6394865  5760999  9406829 17157647 18371507  9733012  5144266  2336505  7101611 11021238
13584564 10834996  5623013  5858185  8583900 16380112 16869802  9024538  5163716  2430704  7561550 10476342 12630284
11297540  4410217  6176819  7829616 14269582 17332684  9235924  5200188  2377911  7868904 10345918 13132790  9345661
6468899  5901757  8287345 13974691 18446576  9465346  5177501  2542912  8057802 11835604 13508019 10282753  5885992
5988314  8280591 14459475 17904402  9320316  5247823  2646717  7373034 12437812 13480000 11340174  6138146  5150347
8908931 14618147 16498662  9288298  5180713  2701898  7943362 12611623 14249597 11124465  6639947  5647938  8467990
14626100 16490657  8583676  5430024  2873002  8365666 12469912 15032373 12549561  5009966  6440153  8224343 14645574
16554602  8781886  5549698  2913684  8632700 12558610 14351622 11947651  6428292  5872674  8976942 13691367 17790411
9206279  5558810  3068902  8515424
12481212 15785725 11362806  6886592  6158974
